63.0278175	22.55258597	39.60911701	40.47523153	98.67291675	-0.254399986	0.744503464	12.5661	14.5386	15.30468	-28.658501	43.5123
39.05695098	10.06099147	25.01537822	28.99595951	114.4054254	4.564258645	0.415185678	12.8874	17.5323	16.78486	-25.530607	16.1102
68.83202098	22.21848205	50.09219357	46.61353893	105.9851355	-3.530317314	0.474889164	26.8343	17.4861	16.65897	-29.031888	19.2221
69.29700807	24.65287791	44.31123813	44.64413017	101.8684951	11.21152344	0.369345264	23.5603	12.7074	11.42447	-30.470246	18.8329
49.71285934	9.652074879	28.317406	40.06078446	108.1687249	7.918500615	0.543360472	35.494	15.9546	8.87237		-16.378376	24.9171
40.25019968	13.92190658	25.1249496	26.32829311	130.3278713	2.230651729	0.789992856	29.323	12.0036	10.40462	-1.512209	9.6548
53.43292815	15.86433612	37.16593387	37.56859203	120.5675233	5.988550702	0.198919573	13.8514	10.7146	11.37832	-20.510434	25.9477
45.36675362	10.75561143	29.03834896	34.61114218	117.2700675	-10.67587083	0.131972555	28.8165	7.7676	7.60961		-25.111459	26.3543
43.79019026	13.5337531	42.69081398	30.25643716	125.0028927	13.28901817	0.190407626	22.7085	11.4234	10.59188	-20.020075	40.0276
36.68635286	5.010884121	41.9487509	31.67546874	84.24141517	0.664437117	0.367700139	26.2011	8.738	14.91416	-1.702097	21.432
49.70660953	13.04097405	31.33450009	36.66563548	108.6482654	-7.825985755	0.6880095	31.3502	16.5097	15.17645	-0.502127	18.3437
31.23238734	17.71581923	15.5		13.51656811	120.0553988	0.499751446	0.608342758	21.4356	9.2589	14.76412	-21.724559	36.4449
48.91555137	19.96455616	40.26379358	28.95099521	119.321358	8.028894629	0.139478165	32.7916	7.2049	8.61882		-1.215542	27.3713
53.5721702	20.46082824	33.1		33.11134196	110.9666978	7.044802938	0.081930993	15.058	12.8127	12.00109	-1.734117	15.6205
57.30022656	24.1888846	46.99999999	33.11134196	116.8065868	5.766946943	0.416721511	16.5158	18.6222	8.51898		-33.441303	13.2498
44.31890674	12.53799164	36.098763	31.78091509	124.1158358	5.415825143	0.664040876	9.5021	19.1756	7.25707		-32.893911	19.5695
63.83498162	20.36250706	54.55243367	43.47247456	112.3094915	-0.622526643	0.560675371	10.769	16.8116	11.41344	2.676002	17.3859
31.27601184	3.14466948	32.56299592	28.13134236	129.0114183	3.623020073	0.534481238	31.1641	18.6089	8.4402		4.482424	24.6513
38.69791243	13.44474904	31		25.25316339	123.1592507	1.429185758	0.30658054	28.3015	17.9575	14.75417	-14.252676	24.9361
41.72996308	12.25407408	30.12258646	29.475889	116.5857056	-1.244402488	0.468525928	28.5598	12.4637	14.1961		-20.392538	33.0265
43.92283983	14.17795853	37.8325467	29.7448813	134.4610156	6.451647637	0.280446206	12.4719	16.8965	10.32658	-4.986668	22.4667
54.91944259	21.06233245	42.19999999	33.85711014	125.2127163	2.432561437	0.175244572	23.0791	14.2195	14.14196	3.780394	24.9278
63.07361096	24.41380271	53.99999999	38.65980825	106.4243295	15.77969683	0.666388008	11.9696	17.6891	7.63771		-14.183602	44.2338
45.54078988	13.06959759	30.29832059	32.47119229	117.9808303	-4.987129618	0.567450078	23.8889	9.1019	7.70987		-19.37903	20.3649
36.12568347	22.75875277	29		13.3669307	115.5771163	-3.237562489	0.126473707	25.6206	15.7438	11.5561		-18.108941	24.1151
54.12492019	26.65048856	35.32974693	27.47443163	121.447011	1.571204816	0.928687869	14.6686	13.57	16.12951	-17.630363	28.1902
26.14792141	10.75945357	14		15.38846783	125.2032956	-10.09310817	0.391971136	9.871	8.6406	15.78046	-19.650163	43.955
43.58096394	16.5088837	46.99999999	27.07208024	109.271634	8.992815727	0.594175694	30.4577	17.97	10.79356	-25.180777	18.3196
44.5510115	21.93114655	26.78591597	22.61986495	111.0729197	2.652320636	0.527891438	32.4275	10.2244	11.71324	-28.506125	28.047
66.87921138	24.89199889	49.27859673	41.9872125	113.4770183	-2.005891748	0.677267795	12.4271	8.2495	7.58784		-3.963385	27.3587
50.81926781	15.40221253	42.52893886	35.41705528	112.192804	10.86956554	0.678987086	7.1103	7.2481	9.94785		-17.379206	14.7187
46.39026008	11.07904664	32.13655345	35.31121344	98.77454633	6.386831648	0.064872511	14.2826	7.4515	7.30184		-24.360827	28.2366
44.93667457	17.44383762	27.78057555	27.49283695	117.9803245	5.569619587	0.81674803	27.5218	13.8357	13.54721	-2.925586	36.0452
38.66325708	12.98644139	39.99999999	25.67681568	124.914118	2.703008052	0.815941481	30.2045	7.5284	9.28229		-2.817753	31.5193
59.59554032	31.99824445	46.56025198	27.59729587	119.3303537	1.474285836	0.477087978	8.6051	8.3058	8.537		-0.029028	40.5823
31.48421834	7.82622134	24.28481815	23.657997	113.8331446	4.393080498	0.713153407	9.7107	8.1003	11.85555	-26.650369	12.6599
32.09098679	6.989378081	35.99819848	25.10160871	132.264735	6.413427708	0.872719252	24.4626	11.6395	11.00446	-16.407275	38.8912
35.70345781	19.44325311	20.7		16.26020471	137.5406125	-0.263489651	0.882807309	32.5864	12.7274	9.53575		-14.695641	38.7458
55.84328595	28.84744756	47.69054322	26.99583839	123.3118449	2.812426855	0.142325313	12.6634	8.855	10.55193	-16.404668	15.2954
52.41938511	19.01156052	35.87265953	33.40782459	116.5597709	1.694705102	0.059106366	30.0191	18.9113	16.64731	-26.32863	39.2753
35.49244617	11.7016723	15.59036345	23.79077387	106.9388517	-3.460357991	0.743812023	15.3987	9.3239	16.71638	-2.488862	20.0076
